Country	CountryCode	Population	totalAthletes	totalMedals	medalsAthlRatio	medalsPopRatio	medalsLogPopRatio	athlPopRatio	athlLogPopRatio
Afghanistan	AFG	29824536	6	1	0.166666666666667	3.35294403238998e-08	0.133786894169414	2.01176641943399e-07	0.802721365016486
Albania	ALB	3162083	10	0	0	0	0	3.16247233232018e-06	1.53846786621932
Algeria	DZA	38481705	37	1	0.027027027027027	2.59863745642247e-08	0.131834736142201	9.61495858876315e-07	4.87788523726145
American Samoa	ASM	55128	5	0	0	0	0	9.06980118995792e-05	1.05454702777399
Andorra	ADO	78360	4	0	0	0	0	5.10464522715671e-05	0.817311569974793
Angola	AGO	20820525	33	0	0	0	0	1.58497444228712e-06	4.50912584993692
Antigua and Barbuda	ATG	89069	4	0	0	0	0	4.4909003132403e-05	0.808125446577931
Argentina	ARG	41086927	137	3	0.0218978102189781	7.30159254791676e-08	0.394026367953684	3.33439393021532e-06	17.9938708032183
Armenia	ARM	2969081	25	2	0.08	6.73609106656235e-07	0.308993787346503	8.42011383320293e-06	3.86242234183128
Aruba	ABW	102384	4	0	0	0	0	3.90686044694484e-05	0.798366208569113
Australia	AUS	22722000	401	30.738	0.0766533665835411	1.35278584631635e-06	4.17837603632154	1.7648094357891e-05	54.5100133569177
Austria	AUT	8429991	70	0	0	0	0	8.30368620796867e-06	10.1070960736483
Azerbaijan	AZE	9295784	52	7	0.134615384615385	7.53029545436942e-07	1.00455118750045	5.593933766103e-06	7.46238025000335
Bahamas, The	BHS	371960	23	0	0	0	0	6.18346058715991e-05	4.12889606473644
Bahrain	BHR	1317827	12	0	0	0	0	9.10589933276523e-06	1.96082968154218
Bangladesh	BGD	154695368	5	0	0	0	0	3.23215883231875e-08	0.610539575454167
Barbados	BRB	283221	6	0	0	0	0	2.11848697660131e-05	1.10048825049485
Belarus	BLR	9464000	159	11.0000001	0.0691823905660377	1.16229924978867e-06	1.57681798478179	1.68005071851226e-05	22.7921870273714
Belgium	BEL	11128246	114	3	0.0263157894736842	2.69584263324157e-07	0.425747704509846	1.0244202006318e-05	16.1784127713741
Belize	BLZ	324060	3	0	0	0	0	9.25754489909276e-06	0.544402815865362
Benin	BEN	10050702	5	0	0	0	0	4.97477688623143e-07	0.714061662495761
Bermuda	BMU	64806	8	0	0	0	0	0.000123445359997531	1.66264334118637
Bhutan	BTN	741822	2	0	0	0	0	2.69606455456969e-06	0.340698107280257
Bolivia	BOL	10496285	4	0	0	0	0	3.81087213237827e-07	0.569716523274802
Bosnia and Herzegovina	BIH	3833916	6	0	0	0	0	1.56497951441816e-06	0.911349593313933
Botswana	BWA	2003910	4	2	0.5	9.9804881456752e-07	0.317365701550448	1.99609762913504e-06	0.634731403100897
Brazil	BRA	198656019	245	11.99999999	0.0489795917959184	6.04059220073266e-08	1.44611386835062	1.23328757534399e-06	29.5248248367626
Brunei Darussalam	BRN	412238	3	0	0	0	0	7.27734949228358e-06	0.534269085695666
Bulgaria	BGR	7305888	60	2	0.0333333333333333	2.73751801286852e-07	0.291389172683893	8.21255403860557e-06	8.74167518051679
Burkina Faso	BFA	16460141	5	0	0	0	0	3.03764105058395e-07	0.69286302777942
Burundi	BDI	9849569	5	0	0	0	0	5.07636425512629e-07	0.714958058091712
Cabo Verde	CPV	494401	3	0	0	0	0	6.06794889168913e-06	0.526863048545573
Cambodia	KHM	14864646	6	0	0	0	0	4.03642306718909e-07	0.836568696423817
Cameroon	CMR	21699631	37	0	0	0	0	1.70509811894958e-06	5.04330952359582
Canada	CAN	34754312	274	16.978	0.061963503649635	4.88514921544124e-07	2.25142294424417	7.88391380039403e-06	36.3346617223998
Cayman Islands	CYM	57570	5	0	0	0	0	8.68507903421921e-05	1.0503768666218
Central African Republic	CAF	4525209	6	0	0	0	0	1.32590561010552e-06	0.901491250133858
Chad	TCD	12448175	3	0	0	0	0	2.40999182611106e-07	0.422826682665178
Chile	CHL	17464814	33	0	0	0	0	1.88951339533304e-06	4.55664911213505
China	CHN	1350695000	348	80.49	0.231293103448276	5.95915436127327e-08	8.81545314531796	2.57645138243645e-07	38.1137743144571
Colombia	COL	47704427	106	6	0.0566037735849057	1.25774490489111e-07	0.781396645796793	2.22201599864096e-06	13.8046740757434
Comoros	COM	717503	3	0	0	0	0	4.18116718675741e-06	0.512310503662252
Congo, Dem. Rep.	ZAR	65705093	4	0	0	0	0	6.08780813992608e-08	0.511666047648301
Congo, Rep.	COG	4337051	7	0	0	0	0	1.61399992760057e-06	1.05466247362487
Costa Rica	CRI	4805295	11	0	0	0	0	2.28914145749637e-06	1.64628268026764
Cote d'Ivoire	CIV	19839750	10	0	0	0	0	5.04038609357477e-07	1.3703255088216
Croatia	HRV	4267600	102	5.000000001	0.0490196078529412	1.17161870864186e-06	0.754126917498644	2.39010216515137e-05	15.3841891138955
Cuba	CUB	11270957	106	11	0.10377358490566	9.7595971664163e-07	1.55984985212492	9.40470272400116e-06	15.0312803932038
Cyprus	CYP	1128994	12	1	0.0833333333333333	8.85744299792559e-07	0.165215752013729	1.06289315975107e-05	1.98258902416475
Czech Republic	CZE	10510785	131	9	0.0687022900763359	8.56263352356651e-07	1.28175272630894	1.24633887954135e-05	18.6566230162745
Denmark	DNK	5591572	112	9	0.0803571428571429	1.60956525284839e-06	1.33382063799026	2.003014536878e-05	16.5986568283233
Djibouti	DJI	859652	4	0	0	0	0	4.65304565103088e-06	0.674044910784718
Dominica	DMA	71684	2	0	0	0	0	2.7900228781876e-05	0.411910623789717
Dominican Republic	DOM	10276621	33	2	0.0606060606060606	1.94616498944546e-07	0.285231415815753	3.21117223258501e-06	4.70631836095993
Ecuador	ECU	15492264	35	0	0	0	0	2.25919207160425e-06	4.86779426196998
Egypt, Arab Rep.	EGY	80721874	117	2	0.0170940170940171	2.47764317265479e-08	0.252940712892891	1.44942125600305e-06	14.7970317042341
El Salvador	SLV	6297394	10	0	0	0	0	1.58795844757371e-06	1.47076973130035
Equatorial Guinea	GNQ	736296	1	0	0	0	0	1.35814943989917e-06	0.170443337609983
Eritrea	ERI	6130922	11	0	0	0	0	1.7941836480712e-06	1.6206199930396
Estonia	EST	1329301	30	2	0.0666666666666667	1.50455013574804e-06	0.326604020486521	2.25682520362205e-05	4.89906030729781
Ethiopia	ETH	91728849	33	4	0.121212121212121	4.36067828562855e-08	0.502354413056914	3.59755958564355e-07	4.14442390771954
Fiji	FJI	874742	9	0	0	0	0	1.02887479965521e-05	1.51467212924852
Finland	FIN	5413971	53	1	0.0188679245283019	1.84707306337622e-07	0.148510824228819	9.78948723589395e-06	7.87107368412741
France	FRA	65696689	329	28.74	0.087355623100304	4.37464968744467e-07	3.6763466765027	5.00786272501495e-06	42.0848314742306
Gabon	GAB	1632572	28	1	0.0357142857142857	6.12530412134962e-07	0.160956147926149	1.7150851539779e-05	4.50677214193218
Gambia, The	GMB	1791225	2	0	0	0	0	1.11655431338888e-06	0.319838793979537
Georgia	GEO	4490700	30	3	0.1	6.68047297748681e-07	0.450970892318121	6.68047297748681e-06	4.50970892318121
Germany	DEU	80425823	385	39.269	0.101997402597403	4.88263576737039e-07	4.96736689919166	4.78701971131834e-06	48.7009156380043
Ghana	GHA	25366462	8	0	0	0	0	3.15377051793821e-07	1.0804591019496
Greece	GRC	11092771	103	2	0.0194174757281553	1.80297601023225e-07	0.283887669413212	9.28532645269608e-06	14.6202149747804
Grenada	GRD	105483	10	1	0.1	9.48020060104472e-06	0.199076980658434	9.48020060104472e-05	1.99076980658434
Guam	GUM	162810	8	0	0	0	0	4.91370308949082e-05	1.53501334461564
Guatemala	GTM	15082831	17	1	0.0588235294117647	6.63005506061826e-08	0.139305201227174	1.1271093603051e-06	2.36818842086196
Guinea	GIN	11451273	4	0	0	0	0	3.49306142644578e-07	0.566664239155457
Guinea-Bissau	GNB	1663558	4	0	0	0	0	2.40448484513314e-06	0.642979521098512
Guyana	GUY	795369	5	0	0	0	0	6.28639034209279e-06	0.84737595442701
Haiti	HTI	10173775	5	0	0	0	0	4.91459659762478e-07	0.713523046963607
Honduras	HND	7935846	30	0	0	0	0	3.78031529341673e-06	4.34808241493784
Hong Kong SAR, China	HKG	7154600	39	1	0.0256410256410256	1.39770217761999e-07	0.145887744880674	5.45103849271797e-06	5.68962205034629
Hungary	HUN	9920362	144	15	0.104166666666667	1.51204159686915e-06	2.14392067448932	1.45155993299438e-05	20.5816384750975
Iceland	ISL	320716	25	0	0	0	0	7.79505855647988e-05	4.54040179917312
India	IND	1236686732	79	4	0.0506329113924051	3.23444886768624e-09	0.43993464016196	6.38803651368033e-08	8.6887091431987
Indonesia	IDN	246864191	20	2	0.1	8.10162053839554e-09	0.238309202943191	8.10162053839554e-08	2.38309202943191
Iran, Islamic Rep.	IRN	76424443	43	8	0.186046511627907	1.04678551598996e-07	1.01481216253119	5.62647214844602e-07	5.45461537360515
Iraq	IRQ	32578209	8	0	0	0	0	2.45562915997009e-07	1.06483129432579
Ireland	IRL	4586897	63	3	0.0476190476190476	6.54036923000451e-07	0.450347736812726	1.37347753830095e-05	9.45730247306725
Israel	ISR	7910500	34	0	0	0	0	4.29808482396814e-06	4.928819200041
Italy	ITA	59539717	278	27.969998997	0.100611507183453	4.69770439066749e-07	3.59751693368231	4.66915218962159e-06	35.7565156749184
Jamaica	JAM	2707805	48	9	0.1875	3.32372530518261e-06	1.3991194346205	1.77265349609739e-05	7.46197031797599
Japan	JPN	127561489	296	33.97	0.114763513513514	2.66302943516127e-07	4.19086790069507	2.32044955198038e-06	36.5174241567778
Jordan	JOR	6318000	9	0	0	0	0	1.42450142450142e-06	1.32341660576329
Kazakhstan	KAZ	16791425	107	10	0.0934579439252336	5.95542069836241e-07	1.38406627259128	6.37230014724778e-06	14.8095091167267
Kenya	KEN	43178141	49	7	0.142857142857143	1.62119068535165e-07	0.916798692857552	1.13483347974615e-06	6.41759085000287
Kiribati	KIR	100786	3	0	0	0	0	2.97660389339789e-05	0.59959225217651
Korea, Rep.	KOR	50004441	255	23.97	0.094	4.79357423473647e-07	3.11338788122276	5.09954705823029e-06	33.1211476725826
Kuwait	KWT	3250496	10	1	0.1	3.07645356277934e-07	0.153563841231318	3.07645356277934e-06	1.53563841231318
Kyrgyz Republic	KGZ	5607200	13	0	0	0	0	2.31844771008703e-06	1.92628377323904
Lao PDR	LAO	6645827	3	0	0	0	0	4.51411088492072e-07	0.439718349551365
Latvia	LVA	2034319	38	1	0.0263157894736842	4.91564990544747e-07	0.15851832150531	1.86794696407004e-05	6.02369621720179
Lebanon	LBN	4424888	10	0	0	0	0	2.25994420649743e-06	1.504686583522
Lesotho	LSO	2051545	3	0	0	0	0	1.46231254981002e-06	0.475279068410883
Liberia	LBR	4190435	4	0	0	0	0	9.54554837385618e-07	0.604023481183202
Libya	LBY	6154623	2	0	0	0	0	3.24958977991016e-07	0.29458545502244
Liechtenstein	LIE	36656	3	0	0	0	0	8.18419903972065e-05	0.6572972490524
Lithuania	LTU	2987773	60	2	0.0333333333333333	6.6939489713576e-07	0.308863728107061	2.00818469140728e-05	9.26591184321182
Luxembourg	LUX	530946	10	0	0	0	0	1.88343070670087e-05	1.74670952793358
Macedonia, FYR	MKD	2105575	4	0	0	0	0	1.89971860418176e-06	0.63257401471132
Madagascar	MDG	22293914	7	0	0	0	0	3.13987037000322e-07	0.952616018940236
Malawi	MWI	15906483	3	0	0	0	0	1.88602345345605e-07	0.416575589029625
Malaysia	MYS	29239927	30	2	0.0666666666666667	6.83996235695117e-08	0.267881911743696	1.02599435354267e-06	4.01822867615544
Maldives	MDV	338442	5	0	0	0	0	1.47735801112155e-05	0.904243464921762
Mali	MLI	14853572	6	0	0	0	0	4.03943240050272e-07	0.83660645083056
Malta	MLT	419455	5	0	0	0	0	1.1920229822031e-05	0.88925480725816
Marshall Islands	MHL	52555	4	0	0	0	0	7.61107411283417e-05	0.847347392891536
Mauritania	MRT	3796141	2	0	0	0	0	5.26850820346241e-07	0.303981750477742
Mauritius	MUS	1291456	11	0	0	0	0	8.51751821200258e-06	1.80000927728543
Mexico	MEX	120847477	103	4.7	0.045631067961165	3.88919993753779e-08	0.581522127866748	8.52314028864665e-07	12.7439955681436
Micronesia, Fed. Sts.	FSM	103395	6	0	0	0	0	5.80298853909764e-05	1.19653017316493
Moldova	MDA	3559519	21	2	0.0952380952380952	5.61873668886161e-07	0.305278665812794	5.89967352330469e-06	3.20542599103433
Monaco	MCO	37579	6	0	0	0	0	0.000159663641927672	1.31149111359382
Mongolia	MNG	2796484	29	4	0.137931034482759	1.43036756155229e-06	0.620480926995236	1.03701648212541e-05	4.49848672071546
Montenegro	MNE	621081	30	0	0	0	0	4.8302878368522e-05	5.17853138545182
Morocco	MAR	32521143	70	1	0.0142857142857143	3.07492267415078e-08	0.133117402688114	2.15244587190555e-06	9.31821818816795
Mozambique	MOZ	25203395	6	0	0	0	0	2.38063165696526e-07	0.810650976076988
Myanmar	MMR	52797319	6	0	0	0	0	1.13642133987902e-07	0.776939214477114
Namibia	NAM	2259393	9	0	0	0	0	3.98337075488859e-06	1.41643242754678
Nepal	NPL	27474377	4	0	0	0	0	1.45590198460187e-07	0.537711895973336
Netherlands	NLD	16754962	178	15.989	0.0898258426966292	9.54284468087722e-07	2.21327277300939	1.06237185139543e-05	24.6395993242649
New Zealand	NZL	4433100	185	9.75	0.0527027027027027	2.19936387629424e-06	1.46689168417085	4.17315197040446e-05	27.8333293919598
Nicaragua	NIC	5991733	5	0	0	0	0	8.34483111981125e-07	0.73772944365247
Niger	NER	17157042	6	0	0	0	0	3.49710631937603e-07	0.82936592156008
Nigeria	NGA	168833776	48	0	0	0	0	2.84303301964886e-07	5.83412181736745
Norway	NOR	5018573	63	3	0.0476190476190476	5.97779488312714e-07	0.447722419546578	1.2553369254567e-05	9.40217081047814
Oman	OMN	3314001	4	0	0	0	0	1.2070002392878e-06	0.613463753240578
Pakistan	PAK	179160111	21	0	0	0	0	1.17213591143622e-07	2.54445486064688
Palau	PLW	20754	5	0	0	0	0	0.000240917413510649	1.15818440640914
Panama	PAN	3802281	8	0	0	0	0	2.10400020408802e-06	1.21579730248489
Papua New Guinea	PNG	7167010	6	0	0	0	0	8.37169196080374e-07	0.875230366594399
Paraguay	PRY	6687361	8	0	0	0	0	1.19628654711477e-06	1.1721174185886
Peru	PER	29987800	16	0	0	0	0	5.33550310459587e-07	2.13991153388814
Philippines	PHL	96706764	10	0	0	0	0	1.03405383309072e-07	1.25227650544804
Poland	POL	38535873	198	9	0.0454545454545455	2.33548621047199e-07	1.1864170744276	5.13806966303838e-06	26.1011756374072
Portugal	PRT	10514844	70	1	0.0142857142857143	9.5103645855326e-08	0.142413568661578	6.65725520987282e-06	9.96894980631049
Puerto Rico	PRI	3667084	20	1	0.05	2.72696234937623e-07	0.152338683863334	5.45392469875247e-06	3.04677367726667
Qatar	QAT	2050514	12	2	0.166666666666667	9.75365201115428e-07	0.316863671274807	5.85219120669257e-06	1.90118202764884
Romania	ROM	20076727	102	8.99	0.0881372549019608	4.47782150945221e-07	1.23105272348197	5.08050938781007e-06	13.9674502553016
Russian Federation	RUS	143533000	416	56.999996001	0.13701922115625	3.97121191649307e-07	6.98790401890509	2.89828819853274e-06	50.9994434352858
Rwanda	RWA	11457801	6	0	0	0	0	5.23660691960002e-07	0.849966556103807
Samoa	WSM	188889	8	0	0	0	0	4.23529162629904e-05	1.51624083442751
San Marino	SMR	31247	3	0	0	0	0	9.60092168848209e-05	0.667436691728672
Sao Tome and Principe	STP	188098	2	0	0	0	0	1.0632755265872e-05	0.379191187552744
Saudi Arabia	SAU	28287855	18	1	0.0555555555555556	3.53508599361811e-08	0.134199366269234	6.3631547885126e-07	2.41558859284622
Senegal	SEN	13726021	36	0	0	0	0	2.62275571340012e-06	5.04375127861458
Serbia	SRB	7223887	108	3.000000001	0.027777777787037	4.15288888239808e-07	0.437396149476916	1.49503999716496e-05	15.7462613759202
Seychelles	SYC	88303	6	0	0	0	0	6.79478613410643e-05	1.213107515458
Sierra Leone	SLE	5978727	1	0	0	0	0	1.67259685882965e-07	0.147566436377202
Singapore	SGP	5312400	23	2	0.0869565217391304	3.7647767487388e-07	0.297384911520621	4.32949326104962e-06	3.41992648248714
Slovak Republic	SVK	5407579	44	4	0.0909090909090909	7.39702554507294e-07	0.594088562793772	8.13672809958024e-06	6.5349741907315
Slovenia	SVN	2057159	66	4	0.0606060606060606	1.94442918607653e-06	0.633586296139475	3.20830815702627e-05	10.4541738863013
Solomon Islands	SLB	549598	4	0	0	0	0	7.27804686334375e-06	0.696858630881578
Somalia	SOM	10195134	2	0	0	0	0	1.96172016964171e-07	0.285372127048812
South Africa	ZAF	52274945	129	5	0.0387596899224806	9.56481159377595e-08	0.647811584934369	2.46772139119419e-06	16.7135388913067
Spain	ESP	46761264	275	11.988	0.0435927272727273	2.56366038351743e-07	1.56299580224677	5.88093598154233e-06	35.8545083097983
Sri Lanka	LKA	20328000	6	0	0	0	0	2.95159386068477e-07	0.821007428841011
St. Kitts and Nevis	KNA	53584	7	0	0	0	0	0.000130636010749477	1.48021738204135
St. Lucia	LCA	180870	4	0	0	0	0	2.21153314535302e-05	0.760837193040106
St. Vincent and the Grenadines	VCT	109373	3	0	0	0	0	2.74290729887632e-05	0.595366840414573
Sudan	SDN	37195349	6	0	0	0	0	1.6131049072829e-07	0.792551219201512
Suriname	SUR	534541	4	0	0	0	0	7.48305555607521e-06	0.698326336066574
Swaziland	SWZ	1230985	3	0	0	0	0	2.4370727506834e-06	0.492590392839986
Sweden	SWE	9519374	132	6	0.0454545454545455	6.30293546613464e-07	0.859770267196817	1.38664580254962e-05	18.91494587833
Switzerland	CHE	7996861	102	4	0.0392156862745098	5.00196264509287e-07	0.579464960096638	1.27550047449868e-05	14.7763564824643
Syrian Arab Republic	SYR	22399254	9	0	0	0	0	4.01799095630596e-07	1.22445088761103
Tajikistan	TJK	8008990	15	1	0.0666666666666667	1.24859688924571e-07	0.144852428119106	1.87289533386857e-06	2.17278642178659
Tanzania	TZA	47783107	6	0	0	0	0	1.25567389328618e-07	0.781323820303345
Thailand	THA	66785001	36	2	0.0555555555555556	2.99468439028697e-08	0.255601541756673	5.39043190251655e-07	4.60082775162012
Timor-Leste	TMP	1210233	2	0	0	0	0	1.65257433899092e-06	0.328792220085794
Togo	TGO	6642928	6	0	0	0	0	9.03216172145777e-07	0.879461124870071
Tonga	TON	104941	3	0	0	0	0	2.85874920193251e-05	0.597497061108858
Trinidad and Tobago	TTO	1337439	31	1	0.032258064516129	7.47697652005063e-07	0.163231354449346	2.3178627212157e-05	5.06017198792973
Tunisia	TUN	10777500	80	3	0.0375	2.78357689631176e-07	0.426589734509228	7.42287172349803e-06	11.3757262535794
Turkey	TUR	73997128	105	2	0.019047619047619	2.70280760085716e-08	0.254154961396277	1.41897399045001e-06	13.3431354733045
Turkmenistan	TKM	5172931	10	0	0	0	0	1.93314003221771e-06	1.48948349754914
Tuvalu	TUV	9860	3	0	0	0	0	0.000304259634888438	0.751149838588393
Uganda	UGA	36345860	16	0	0	0	0	4.40215199200129e-07	2.11627476217737
Ukraine	UKR	45593300	227	12	0.052863436123348	2.63196566162133e-07	1.56680442238896	4.97880170990036e-06	29.6387169901911
United Arab Emirates	ARE	9205651	29	0	0	0	0	3.15023891303287e-06	4.1642408132402
United Kingdom	GBR	63612729	526	56.719	0.107830798479087	8.91629723981815e-07	7.26836419472238	8.26878532439632e-06	67.4052710101372
United States	USA	313914040	523	88.805	0.169799235181644	2.82895916347036e-07	10.4515685608475	1.66606119305782e-06	61.552506698083
Uruguay	URY	3395253	32	0	0	0	0	9.42492356239726e-06	4.89980500399801
Uzbekistan	UZB	29774500	48	2	0.0416666666666667	6.71715729903105e-08	0.267599895356837	1.61211775176745e-06	6.42239748856409
Vanuatu	VUT	247262	5	0	0	0	0	2.0221465490047e-05	0.927100703685611
Venezuela, RB	VEN	29954782	64	1	0.015625	3.33836513982976e-08	0.1337530295942	2.13655368949105e-06	8.56019389402883
Vietnam	VNM	88772900	18	0	0	0	0	2.02764582434504e-07	2.26464078734004
Virgin Islands (U.S.)	VIR	105275	7	0	0	0	0	6.64925195915459e-05	1.39377671724294
Yemen, Rep.	YEM	23852409	4	0	0	0	0	1.67697946148752e-07	0.542186718503642
Zambia	ZMB	14075099	7	0	0	0	0	4.97332203489297e-07	0.979233060600899
Zimbabwe	ZWE	13724317	6	0	0	0	0	4.37180225434898e-07	0.840631563385071
